ИСХОДНЫЕ ДАННЫЕ:
--------------------------------------------------
       x     y(x)
--------------------------------------------------
   -2.24     0.95
   -1.44     2.61
   -0.77     3.68
   -0.11     4.62
    1.23     6.35
    2.32     7.85
    2.75     8.02
    3.64     8.81
    4.86     9.59
    5.92     9.89
    7.11    10.20
    8.33    10.15
    8.98     9.76
--------------------------------------------------


ПОЛИНОМ 2-й СТЕПЕНИ:
Коэффициенты: [ 4.82200635  1.46766932 -0.10101477]
--------------------------------------------------------------------------------
       x   y эксп   y расч   Отклонение Квадрат отклонения
--------------------------------------------------------------------------------
   -2.24     0.95     1.03      -0.0776             0.0060
   -1.44     2.61     2.50       0.1109             0.0123
   -0.77     3.68     3.63       0.0480             0.0023
   -0.11     4.62     4.66      -0.0393             0.0015
    1.23     6.35     6.47      -0.1244             0.0155
    2.32     7.85     7.68       0.1667             0.0278
    2.75     8.02     8.09      -0.0742             0.0055
    3.64     8.81     8.83      -0.0159             0.0003
    4.86     9.59     9.57       0.0210             0.0004
    5.92     9.89     9.97      -0.0804             0.0065
    7.11    10.20    10.15       0.0494             0.0024
    8.33    10.15    10.04       0.1116             0.0125
    8.98     9.76     9.86      -0.0958             0.0092
--------------------------------------------------------------------------------
   СУММА                                            0.1022
--------------------------------------------------------------------------------


ПОЛИНОМ 3-й СТЕПЕНИ:
Коэффициенты: [ 4.81826175e+00  1.46647376e+00 -9.99574871e-02 -1.04423828e-04]
--------------------------------------------------------------------------------
       x   y эксп   y расч   Отклонение Квадрат отклонения
--------------------------------------------------------------------------------
   -2.24     0.95     1.03      -0.0830             0.0069
   -1.44     2.61     2.50       0.1104             0.0122
   -0.77     3.68     3.63       0.0501             0.0025
   -0.11     4.62     4.66      -0.0357             0.0013
    1.23     6.35     6.47      -0.1206             0.0145
    2.32     7.85     7.68       0.1688             0.0285
    2.75     8.02     8.09      -0.0730             0.0053
    3.64     8.81     8.83      -0.0168             0.0003
    4.86     9.59     9.57       0.0176             0.0003
    5.92     9.89     9.97      -0.0850             0.0072
    7.11    10.20    10.15       0.0457             0.0021
    8.33    10.15    10.04       0.1123             0.0126
    8.98     9.76     9.85      -0.0910             0.0083
--------------------------------------------------------------------------------
   СУММА                                            0.1020
--------------------------------------------------------------------------------


ПОЛИНОМ 4-й СТЕПЕНИ:
Коэффициенты: [ 4.84802015e+00  1.45220505e+00 -1.10401009e-01  3.68314562e-03
 -2.82375516e-04]
--------------------------------------------------------------------------------
       x   y эксп   y расч   Отклонение Квадрат отклонения
--------------------------------------------------------------------------------
   -2.24     0.95     0.99      -0.0426             0.0018
   -1.44     2.61     2.52       0.0943             0.0089
   -0.77     3.68     3.66       0.0174             0.0003
   -0.11     4.62     4.69      -0.0669             0.0045
    1.23     6.35     6.47      -0.1234             0.0152
    2.32     7.85     7.66       0.1893             0.0358
    2.75     8.02     8.07      -0.0471             0.0022
    3.64     8.81     8.80       0.0107             0.0001
    4.86     9.59     9.56       0.0266             0.0007
    5.92     9.89     9.99      -0.1032             0.0107
    7.11    10.20    10.19       0.0056             0.0000
    8.33    10.15    10.05       0.0964             0.0093
    8.98     9.76     9.82      -0.0569             0.0032
--------------------------------------------------------------------------------
   СУММА                                            0.0928
--------------------------------------------------------------------------------


ПОЛИНОМ 5-й СТЕПЕНИ:
Коэффициенты: [ 4.84847740e+00  1.46093332e+00 -1.11248912e-01  2.04472307e-03
  1.16728250e-04 -2.44340797e-05]
--------------------------------------------------------------------------------
       x   y эксп   y расч   Отклонение Квадрат отклонения
--------------------------------------------------------------------------------
   -2.24     0.95     1.00      -0.0491             0.0024
   -1.44     2.61     2.51       0.1014             0.0103
   -0.77     3.68     3.66       0.0233             0.0005
   -0.11     4.62     4.69      -0.0664             0.0044
    1.23     6.35     6.48      -0.1311             0.0172
    2.32     7.85     7.67       0.1837             0.0337
    2.75     8.02     8.07      -0.0501             0.0025
    3.64     8.81     8.80       0.0142             0.0002
    4.86     9.59     9.55       0.0355             0.0013
    5.92     9.89     9.99      -0.0983             0.0097
    7.11    10.20    10.20      -0.0011             0.0000
    8.33    10.15    10.06       0.0875             0.0077
    8.98     9.76     9.81      -0.0494             0.0024
--------------------------------------------------------------------------------
   СУММА                                            0.0923
--------------------------------------------------------------------------------

